4294967294,0
4294967278,219
4294967278,217
4294967279,316
4294967278,319
4294967294,417
4294967294,52
4294967294,469
4294967294,92
4294967294,88
4294967294,970
4294967278,318
4294967279,315
4294967278,317
4294967279,314
4294967278,316
4294967279,313
4294967279,260
4294967279,0
4294967278,189
4294967278,187
4294967278,185
4294967278,184
4294967278,183
4294967278,182
4294967278,181
4294967278,180
4294967278,179
4294967278,178
4294967278,177
4294967278,176
4294967278,175
4294967278,173
4294967278,172
4294967278,171
4294967278,170
4294967278,169
4294967278,168
4294967278,167
4294967278,166
4294967278,165
4294967278,164
4294967278,163
4294967278,162
4294967278,161
4294967278,160
4294967278,159
4294967278,158
4294967278,157
4294967278,156
4294967278,155
4294967278,154
4294967278,153
4294967278,152
4294967279,271
4294967279,270
4294967279,279
4294967279,264
4294967279,263
4294967279,262
4294967279,261
4294967279,275
4294967278,315
4294967279,258
4294967279,257
4294967279,256
4294967279,255
4294967279,254
4294967279,253
4294967278,258
4294967279,312
4294967278,257
4294967279,311
4294967278,314
4294967279,310
4294967278,313
4294967279,309
4294967278,312
4294967279,308
4294967278,311
4294967279,307
4294967278,310
4294967279,306
4294967278,309
4294967279,305
4294967278,254
4294967279,304
4294967278,308
4294967278,253
4294967278,250
4294967278,248
4294967278,246
4294967278,244
4294967278,242
4294967278,240
4294967278,238
4294967279,303
4294967278,307
4294967278,0
4294967278,236
4294967278,234
4294967278,232
4294967278,230
4294967278,228
4294967278,226
4294967278,224
4294967278,222
4294967278,220
4294967278,218
4294967278,216
4294967278,214
4294967279,302
4294967278,213
4294967278,212
4294967278,211
4294967278,210
4294967278,209
4294967278,208
4294967278,207
4294967278,206
4294967278,205
4294967278,204
4294967278,203
4294967278,202
4294967278,201
4294967278,200
4294967278,199
4294967278,198
4294967278,197
4294967278,196
4294967278,195
4294967278,194
4294967278,193
4294967278,192
4294967278,191
4294967278,190
4294967278,306
4294967278,188
4294967294,7
4294967278,305
4294967278,260
4294967294,6
0,5
4294967278,186
4294967294,50
4294967294,43
4294967294,51
4294967294,183
4294967294,920
4294967294,27
4294967294,168
4294967294,93
4294967294,95
4294967294,106
4294967294,166
4294967294,24
4294967294,25
4294967294,384
4294967294,26
4294967294,190
4294967294,30
4294967294,61
4294967294,5
4294967294,12
4294967294,14
4294967294,126
4294967294,67
4294967294,81
4294967294,82
4294967294,11
4294967294,68
4294967278,132
4294967278,131
4294967278,130
4294967278,129
4294967278,128
4294967278,127
4294967278,126
4294967278,125
4294967278,124
4294967278,123
4294967278,122
4294967278,121
4294967278,120
4294967278,119
4294967278,118
4294967278,117
4294967278,116
4294967278,115
4294967278,114
4294967278,113
4294967278,112
4294967278,111
4294967278,110
4294967278,109
4294967278,108
4294967278,107
4294967278,106
4294967278,105
4294967278,104
4294967278,103
4294967278,102
4294967278,101
4294967278,100
4294967278,99
4294967278,98
4294967278,97
4294967278,96
4294967278,95
4294967278,94
4294967278,93
4294967278,92
4294967278,91
4294967278,90
4294967278,89
4294967278,87
4294967278,86
4294967278,85
4294967278,84
4294967278,83
4294967278,82
4294967278,81
4294967278,80
4294967278,79
4294967278,78
4294967278,77
4294967278,76
4294967278,75
4294967278,74
4294967278,73
4294967278,72
4294967278,71
4294967278,70
4294967278,69
4294967278,68
4294967278,67
4294967278,66
4294967278,65
4294967278,64
4294967278,63
4294967278,62
4294967278,61
4294967278,60
4294967278,59
4294967278,58
4294967278,57
4294967278,56
4294967278,55
4294967278,54
4294967278,53
4294967278,52
4294967278,51
4294967278,50
4294967278,49
4294967278,48
4294967278,47
4294967278,46
4294967278,45
4294967278,44
4294967278,43
4294967278,42
4294967278,41
4294967278,40
4294967278,39
4294967278,38
4294967279,20
4294967279,18
4294967279,278
4294967279,16
4294967279,9
4294967279,8
4294967279,7
4294967279,6
4294967279,5
4294967279,273
4294967279,4
4294967279,301
4294967278,304
4294967279,300
4294967278,303
4294967279,299
4294967294,437
4294967278,302
4294967279,298
10,5
10,4
10,3
10,2
10,1
4294967279,297
4294967278,301
4294967279,296
4294967278,300
4294967279,295
4294967278,299
4294967279,294
4294967278,298
4294967279,293
8,5
8,4
8,3
8,2
8,1
4294967279,292
4294967278,297
4294967294,471
4294967279,291
4294967278,296
4294967278,295
6,6
4294967278,294
4294967279,290
4294967279,289
6,5
6,4
6,3
6,2
6,1
4294967278,293
4294967294,1416
4294967279,288
